-14.191 0.0538721 -2.42861e-016
-13.9148 -2.72664 -2.42861e-016
-13.9148 0.0538721 2.78051
-13.9037 0.0538721 -2.83527
-13.9037 2.88915 -2.42861e-016
-13.6441 -2.67233 2.78051
-13.6332 -2.67014 -2.83527
-13.6332 2.83377 2.78051
-13.6223 2.83154 -2.83527
-13.54 0.0538721 4
-13.4252 -1.10235 4
-13.3855 1.5796 4
-13.3855 1.5796 4
-13.2766 -2.59862 4
-13.266 2.7586 4
-13.1419 0.0538721 -5.34423
-13.1419 5.3981 -2.42861e-016
-13.0635 -5.47844 -2.42861e-016
-12.9226 -3.7429 4
-12.8862 -2.52031 -5.34423
-12.8862 5.29371 2.78051
-12.876 2.67875 -5.34423
-12.876 5.28952 -2.83527
-12.8561 4.10873 4
-12.8094 -5.37038 2.78051
-12.7992 -5.36603 -2.83527
-12.5393 5.15204 4
-12.4645 -5.22372 4
-12.1707 5.00152 -5.34423
-12.0981 -5.06791 -5.34423
-11.9207 -6.22176 4
-11.8623 0.0538721 -7.77285
-11.8623 7.82672 -2.42861e-016
-11.8507 6.45894 4
-11.7557 -7.87855 -2.42861e-016
-11.6317 -2.26864 -7.77285
-11.6317 7.6749 2.78051
-11.6224 2.42213 -7.77285
-11.6224 7.66879 -2.83527
-11.5272 -7.72361 2.78051
-11.518 -7.71738 -2.83527
-11.3186 7.46884 4
-11.217 -7.51333 4
-10.9861 4.51781 -7.77285
-10.9861 7.24993 -5.34423
-10.9206 -4.56717 -7.77285
-10.8874 -7.28992 -5.34423
-10.4865 -8.39276 4
-10.3709 8.63789 4
-10.1012 0.0538721 -9.94529
-10.1012 9.99916 -2.42861e-016
-9.99916 -9.99343 -2.42861e-016
-9.91728 6.5464 -7.77285
-9.90492 -1.92225 -9.94529
-9.90492 9.8049 2.78051
-9.89703 2.06892 -9.94529
-9.89703 9.7971 -2.83527
-9.82824 -6.57195 -7.77285
-9.8049 -9.79718 2.78051
-9.7971 -9.78929 -2.83527
-9.63857 9.54126 4
-9.54126 -9.53083 4
-9.3556 3.85204 -9.94529
-9.3556 9.26116 -5.34423
-9.29989 -3.87797 -9.94529
-9.26116 -9.24785 -5.34423
-8.63789 -10.2632 4
-8.63789 -10.2632 4
-8.5005 10.4865 4
-8.44621 5.57808 -9.94529
-8.44621 8.361 -7.77285
-8.37045 -5.58375 -9.94529
-8.361 -8.33847 -7.77285
-7.9863 0.0538721 -11.7019
-7.9863 11.7557 -2.42861e-016
-7.83136 -1.50629 -11.7019
-7.83136 11.5272 2.78051
-7.82672 -11.7546 -2.42861e-016
-7.82513 1.64477 -11.7019
-7.82513 11.518 -2.83527
-7.6749 -11.5239 2.78051
-7.66879 -11.5147 -2.83527
-7.62107 11.217 4
-7.46884 -11.2109 4
-7.39766 3.05256 -11.7019
-7.39766 10.8874 -5.34423
-7.35368 -3.05035 -11.7019
-7.24993 -10.8783 -5.34423
-7.19454 7.12204 -9.94529
-7.12204 -7.0868 -9.94529
-6.67969 4.41528 -11.7019
-6.67969 9.82824 -7.77285
-6.61988 -4.39707 -11.7019
-6.5464 -9.80954 -7.77285
-6.45894 -11.743 4
-6.32951 11.9207 4
-5.69149 5.63425 -11.7019
-5.69149 8.37045 -9.94529
-5.63425 -5.58375 -11.7019
-5.58618 13.0635 -2.42861e-016
-5.57808 -8.33847 -9.94529
-5.53743 0.0538721 -13.0303
-5.47812 12.8094 2.78051
-5.47378 12.7992 -2.83527
-5.43032 -1.02464 -13.0303
-5.42601 1.15363 -13.0303
-5.3981 -13.0341 -2.42861e-016
-5.33146 12.4645 4
-5.29371 -12.7785 2.78051
-5.28952 -12.7682 -2.83527
-5.17565 12.0981 -5.34423
-5.15204 -12.4315 4
-5.13051 2.12681 -13.0303
-5.10011 -2.09203 -13.0303
-5.00152 -12.0629 -5.34423
-4.67492 10.9206 -7.77285
-4.63419 3.06884 -13.0303
-4.59284 -3.02299 -13.0303
-4.51781 -10.8783 -7.77285
-4.50482 6.61988 -11.7019
-4.41528 -6.57195 -11.7019
-4.10873 -12.7483 4
-3.98571 9.29989 -9.94529
-3.95106 3.9115 -13.0303
-3.9115 -3.84332 -13.0303
-3.85204 -9.24785 -9.94529
-3.85065 12.9226 4
-3.15809 7.35368 -11.7019
-3.13074 4.59284 -13.0303
-3.06884 -4.52645 -13.0303
-3.05256 -7.28992 -11.7019
-2.88915 -13.796 -2.42861e-016
-2.83438 0.0538721 -13.8609
-2.83438 13.9148 -2.42861e-016
-2.83377 -13.5254 2.78051
-2.83154 -13.5146 -2.83527
-2.78007 -0.493004 -13.8609
-2.78007 13.6441 2.78051
-2.77789 0.61152 -13.8609
-2.77789 13.6332 -2.83527
-2.7586 -13.1583 4
-2.70636 13.2766 4
-2.67875 -12.7682 -5.34423
-2.62805 1.10499 -13.8609
-2.62805 12.8862 -5.34423
-2.61263 -1.03423 -13.8609
-2.42213 -11.5147 -7.77285
-2.37638 1.58265 -13.8609
-2.37638 11.6317 -7.77285
-2.35542 -1.50629 -13.8609
-2.19977 5.10011 -13.0303
-2.12681 -5.02277 -13.0303
-2.06892 -9.78929 -9.94529
-2.03 2.00993 -13.8609
-2.03 9.90492 -9.94529
-2.00993 -1.92225 -13.8609
-1.64477 -7.71738 -11.7019
-1.61404 2.35542 -13.8609
-1.61404 7.83136 -11.7019
-1.58265 -2.26864 -13.8609
-1.5796 -13.2777 4
-1.5796 -13.2777 4
-1.2101 13.4252 4
-1.2101 13.4252 4
-1.15363 -5.31827 -13.0303
-1.14198 2.61263 -13.8609
-1.13239 5.43032 -13.0303
-1.10499 -2.52031 -13.8609
-0.61152 -2.67014 -13.8609
-0.600748 2.78007 -13.8609
-0.0538721 -14.0832 -2.42861e-016
-0.0538721 -13.8071 2.78051
-0.0538721 -13.796 -2.83527
-0.0538721 -13.4323 4
-0.0538721 -13.0341 -5.34423
-0.0538721 -11.7546 -7.77285
-0.0538721 -9.99343 -9.94529
-0.0538721 -7.87855 -11.7019
-0.0538721 -5.42968 -13.0303
-0.0538721 -2.72664 -13.8609
-0.0538721 0.0538721 -14.1371
-0.0538721 2.83438 -13.8609
-0.0538721 5.53743 -13.0303
-0.0538721 7.9863 -11.7019
-0.0538721 10.1012 -9.94529
-0.0538721 11.8623 -7.77285
-0.0538721 13.1419 -5.34423
-0.0538721 13.54 4
-0.0538721 13.9037 -2.83527
-0.0538721 13.9148 2.78051
-0.0538721 14.191 -2.42861e-016
0.493004 -2.67233 -13.8609
0.503775 2.77789 -13.8609
0.997241 2.62805 -13.8609
1.02464 -5.32257 -13.0303
1.03423 -2.50489 -13.8609
1.04589 5.42601 -13.0303
1.10235 -13.3175 4
1.47186 13.3855 4
1.47186 13.3855 4
1.47491 2.37638 -13.8609
1.50629 -7.72361 -11.7019
1.50629 -2.24767 -13.8609
1.53702 7.82513 -11.7019
1.90219 2.03 -13.8609
1.92225 -9.79718 -9.94529
1.92225 -1.90219 -13.8609
1.96117 9.89703 -9.94529
2.01907 5.13051 -13.0303
2.09203 -4.99236 -13.0303
2.24767 1.61404 -13.8609
2.26864 -11.5239 -7.77285
2.26864 -1.47491 -13.8609
2.31438 11.6224 -7.77285
2.50489 1.14198 -13.8609
2.52031 -12.7785 -5.34423
2.52031 -0.997241 -13.8609
2.57101 12.876 -5.34423
2.59862 -13.1689 4
2.65086 13.266 4
2.67014 -13.5254 -2.83527
2.67014 -0.503775 -13.8609
2.67233 -13.5363 2.78051
2.67233 0.600748 -13.8609
2.7238 13.6223 -2.83527
2.72602 13.6332 2.78051
2.72664 -13.8071 -2.42861e-016
2.72664 0.0538721 -13.8609
2.7814 13.9037 -2.42861e-016
2.94481 7.39766 -11.7019
2.9611 4.63419 -13.0303
3.02299 -4.4851 -13.0303
3.05035 -7.24593 -11.7019
3.7429 -12.8149 4
3.7443 9.3556 -9.94529
3.80375 3.95106 -13.0303
3.84332 -3.80375 -13.0303
3.87797 -9.19214 -9.94529
4.00099 12.8561 4
4.00099 12.8561 4
4.30753 6.67969 -11.7019
4.39707 -6.51214 -11.7019
4.41007 10.9861 -7.77285
4.4851 3.13074 -13.0303
4.52645 -2.9611 -13.0303
4.56717 -10.8129 -7.77285
4.89378 12.1707 -5.34423
4.99236 2.19977 -13.0303
5.02277 -2.01907 -13.0303
5.04429 12.5393 4
5.06791 -11.9904 -5.34423
5.18177 12.876 -2.83527
5.18597 12.8862 2.78051
5.22372 -12.3568 4
5.29035 13.1419 -2.42861e-016
5.31827 -1.04589 -13.0303
5.32257 1.13239 -13.0303
5.36603 -12.6914 -2.83527
5.37038 -12.7016 2.78051
5.42968 0.0538721 -13.0303
5.47033 8.44621 -9.94529
5.47844 -12.9558 -2.42861e-016
5.52651 5.69149 -11.7019
5.58375 -8.26271 -9.94529
5.58375 -5.52651 -11.7019
6.22176 -11.813 4
6.3512 11.8507 4
6.43866 9.91728 -7.77285
6.51214 4.50482 -11.7019
6.57195 -9.7205 -7.77285
6.57195 -4.30753 -11.7019
7.0143 7.19454 -9.94529
7.0868 -7.0143 -9.94529
7.14218 10.9861 -5.34423
7.24593 3.15809 -11.7019
7.28992 -10.7796 -5.34423
7.28992 -2.94481 -11.7019
7.3611 11.3186 4
7.51333 -11.1092 4
7.56105 11.6224 -2.83527
7.56715 11.6317 2.78051
7.71738 -11.4102 -2.83527
7.71738 -1.53702 -11.7019
7.71898 11.8623 -2.42861e-016
7.72361 -11.4194 2.78051
7.72361 1.61404 -11.7019
7.87855 -11.648 -2.42861e-016
7.87855 0.0538721 -11.7019
8.25326 8.44621 -7.77285
8.26271 5.69149 -9.94529
8.33847 -8.25326 -7.77285
8.33847 -5.47033 -9.94529
8.39276 -10.3788 4
8.53014 10.3709 4
9.15341 9.3556 -5.34423
9.19214 3.98571 -9.94529
9.24785 -9.15341 -5.34423
9.24785 -3.7443 -9.94529
9.43351 9.63857 4
9.53083 -9.43351 4
9.68935 9.89703 -2.83527
9.69716 9.90492 2.78051
9.7205 6.67969 -7.77285
9.78929 -9.68935 -2.83527
9.78929 -1.96117 -9.94529
9.79718 -9.69716 2.78051
9.79718 2.03 -9.94529
9.80954 -6.43866 -7.77285
9.89142 10.1012 -2.42861e-016
9.99343 -9.89142 -2.42861e-016
9.99343 0.0538721 -9.94529
10.2632 -8.53014 4
10.2632 -8.53014 4
10.3788 8.5005 4
10.7796 7.39766 -5.34423
10.8129 4.67492 -7.77285
10.8783 -7.14218 -5.34423
10.8783 -4.41007 -7.77285
11.1092 7.62107 4
11.2109 -7.3611 4
11.4102 7.82513 -2.83527
11.4194 7.83136 2.78051
11.5147 -7.56105 -2.83527
11.5147 -2.31438 -7.77285
11.5239 -7.56715 2.78051
11.5239 2.37638 -7.77285
11.648 7.9863 -2.42861e-016
11.743 -6.3512 4
11.7546 -7.71898 -2.42861e-016
11.7546 0.0538721 -7.77285
11.813 6.32951 4
11.9904 5.17565 -5.34423
12.0629 -4.89378 -5.34423
12.3568 5.33146 4
12.4315 -5.04429 4
12.6914 5.47378 -2.83527
12.7016 5.47812 2.78051
12.7483 -4.00099 4
12.7483 -4.00099 4
12.7682 -5.18177 -2.83527
12.7682 -2.57101 -5.34423
12.7785 -5.18597 2.78051
12.7785 2.62805 -5.34423
12.8149 3.85065 4
12.9558 5.58618 -2.42861e-016
13.0341 -5.29035 -2.42861e-016
13.0341 0.0538721 -5.34423
13.1583 -2.65086 4
13.1689 2.70636 4
13.2777 -1.47186 4
13.2777 -1.47186 4
13.3175 1.2101 4
13.3175 1.2101 4
13.4323 0.0538721 4
13.5146 -2.7238 -2.83527
13.5254 -2.72602 2.78051
13.5254 2.77789 -2.83527
13.5363 2.78007 2.78051
13.796 -2.7814 -2.42861e-016
13.796 0.0538721 -2.83527
13.8071 0.0538721 2.78051
13.8071 2.83438 -2.42861e-016
14.0832 0.0538721 -2.42861e-016
