-16.4175 1.0988 4
-16.4175 1.0988 4
-16.4174 1.21584 4
-16.3975 1.21621 4
-16.3732 -5.2145 4
-16.3245 -5.14438 2.65507
-16.266 -5.79244 4
-16.159 -6.22999 4
-16.1384 2.11885 0.0667979
-16.1098 -4.59561 0.0433905
-16.0407 -6.00428 1.66469
-15.9614 -6.5028 4
-15.8378 -3.81872 -2.04956
-15.6748 -5.0398 -1.69589
-15.5523 -7.06228 4
-15.5055 2.86035 -3.91297
-15.4331 -6.84039 1.64783
-15.2466 -2.55999 -4.84923
-15.1443 1.20324 4
-15.144 -5.29676 4
-15.1392 -6.14475 4
-15.0963 1.56964 2.55706
-15.0482 -5.85361 -1.8221
-15.0238 -3.62393 -4.86093
-14.9918 -5.79823 1.50945
-14.798 -6.26371 4
-14.7909 2.28765 -0.732751
-14.7854 -7.56048 4
-14.7202 -4.99385 -1.05377
-14.6925 -7.62237 4
-14.6453 -7.45897 2.41384
-14.5286 -6.77412 -0.475842
-14.4524 3.25373 -7.18876
-14.3837 -5.81216 -2.74704
-14.3822 -4.42974 -4.94423
-14.2989 -3.80525 -3.4864
-14.2249 2.86533 -3.91297
-14.018 -4.37531 -5.40835
-13.9014 -1.29021 -8.32833
-13.8607 -2.41361 -7.93102
-13.3488 -2.27549 -6.54874
-13.2898 -3.23585 -7.77518
-13.0843 3.25977 -7.19819
-13.015 -3.02319 -8.38004
-12.8277 3.37786 -10.2514
-12.4853 -8.28844 4
-12.3932 -1.61785 -8.50532
-12.1673 -1.78173 -10.8615
-12.1471 -7.08472 4
-12.0873 -6.98291 2.58677
-12.0828 -8.40978 4
-11.9763 -8.1572 1.46891
-11.9008 -6.60539 0.312904
-11.7621 -7.54868 -1.29482
-11.7263 -0.665586 -11.904
-11.608 -5.97524 -1.90735
-11.4097 -6.59976 -3.99398
-11.3509 3.3836 -10.2514
-11.169 -5.13124 -4.14549
-11.0631 -2.42123 -11.5727
-10.9807 -1.21461 -10.7825
-10.8273 -8.71544 4
-10.8158 -5.52981 -6.65953
-10.7716 3.38586 -13.2718
-10.5264 -4.23537 -6.42212
-10.2054 -1.54134 -13.66
-10.1948 -0.523487 -14.0365
-10.0289 -7.59333 4
-9.87548 -4.59375 -9.32894
-9.63116 -3.45505 -8.73522
-9.54198 -2.35061 -13.5654
-9.50893 3.39077 -12.8882
-9.40813 -2.35135 -13.7302
-9.20111 -1.05928 -13.2832
-8.81618 -7.89402 4
-8.77291 -9.17938 4
-8.76548 -9.16609 3.53355
-8.76368 -7.79104 2.3613
-8.66087 -8.87333 0.654787
-8.63134 -3.84727 -12.0063
-8.61285 -7.46649 -0.0306073
-8.5295 -2.82097 -11.0557
-8.4782 -8.31422 -2.1614
-8.37175 -6.94154 -2.36336
-8.35955 3.39524 -16.507
-8.34476 -0.40602 -16.507
-8.1906 -1.31969 -16.4172
-8.17049 -7.50584 -4.91658
-8.15931 -1.40998 -16.3955
-8.1181 -1.51645 -16.3664
-8.07853 -9.28846 4
-8.01055 -6.24437 -4.68805
-7.67305 -2.24503 -16.0367
-7.65133 -6.57304 -7.64869
-7.53819 -2.39107 -15.9229
-7.48895 -5.45686 -7.03028
-7.38537 3.39903 -15.7294
-7.36818 -1.02051 -15.7294
-7.32054 -2.26652 -13.3772
-7.26625 -8.17928 4
-7.25149 -0.408533 -17.7027
-7.2315 -3.2043 -14.672
-6.99116 3.40056 -17.9753
-6.96747 -0.58613 4
-6.94324 -6.81629 4
-6.9062 -8.24093 4
-6.86551 -5.62277 -10.3898
-6.85773 -0.585703 4
-6.78811 -0.585432 2.63756
-6.78153 -4.65191 -9.39787
-6.62755 -1.52736 -17.9353
-6.31831 -8.1375 1.46308
-6.30168 -0.583541 4
-6.2975 -1.39658 4
-6.2975 -1.39658 4
-6.27052 -8.3335 4
-6.21553 -1.08591 -16.974
-6.1448 3.40385 -17.0605
-6.14045 -0.582914 1.07464
-6.11675 -1.72309 -15.6916
-6.11467 -8.35991 4
-6.11395 -0.39034 -18.7559
-5.94134 -3.83275 -11.7798
-5.9045 -2.5225 -17.3523
-5.89487 -4.65663 -13.1371
-5.62871 3.40586 -19.1572
-5.60103 -0.580816 1.38615
-5.55342 -8.23528 1.35516
-5.52934 3.40625 -10.1377
-5.50371 -8.09902 0.197884
-5.49244 -8.43329 4
-5.47959 -8.39874 3.17199
-5.474 -4.93864 -9.92534
-5.46331 -9.6826 4
-5.45707 -8.23073 1.19644
-5.44934 -9.63782 2.83952
-5.41257 -4.66869 -10.5412
-5.37633 -9.3537 -0.037451
-5.25215 -8.86083 -2.84793
-5.24358 -7.73371 -2.10001
-5.23726 3.40738 -10.8423
-5.23726 3.40738 -9.43306
-5.21558 -2.54828 -17.8638
-5.15537 3.4077 -10.1377
-5.14745 -1.11753 -17.9363
-5.11979 -4.93667 -10.2021
-5.11137 -0.578911 -0.266656
-5.11079 -5.32975 -9.35109
-5.09297 -5.06417 -9.94774
-5.06526 -1.11736 -18.0025
-5.05364 -4.59578 -10.9675
-5.0503 -2.97717 -14.1712
-5.04061 -8.15847 -5.6046
-5.031 3.40818 -13.6261
-5.02923 -7.17733 -4.46231
-5.005 -3.27685 -13.6261
-4.97275 3.40841 -10.5784
-4.97275 3.40841 -9.69697
-4.9612 -3.39852 -13.4228
-4.95917 -5.21452 -9.71766
-4.9285 3.40858 -18.124
-4.91614 -4.81893 -10.6018
-4.88504 3.40875 -13.9785
-4.88504 3.40875 -13.2737
-4.86846 -3.15298 -13.9693
-4.86128 -0.32583 -19.6905
-4.85536 -3.64996 -15.8793
-4.83469 -3.53473 -13.2518
-4.83448 -1.61208 -19.2846
-4.74311 -5.35224 -9.56473
-4.72055 -6.47663 -6.81528
-4.68831 -7.27399 -8.34636
-4.65362 -3.65311 -13.1503
-4.56085 -3.18889 -14.1215
-4.53266 3.41012 -14.1244
-4.53266 3.41012 -13.1277
-4.53266 3.41012 -11.1344
-4.53266 3.41012 -10.7606
-4.53266 3.41012 -9.51473
-4.53266 3.41012 -9.14097
-4.52609 -8.08665 -0.762178
-4.5011 -4.70309 -11.1344
-4.50041 -4.88023 -10.7606
-4.49821 -5.44784 -9.51473
-4.49757 -5.61054 -9.14097
-4.4599 -3.73148 -13.1298
-4.36965 -3.2642 -14.1052
-4.30777 -8.55629 4
-4.3005 -5.65667 -9.16062
-4.25947 -4.97576 -10.7123
-4.20028 -2.06484 -16.5646
-4.20002 -5.4982 -9.59063
-4.18515 -3.37594 -14.0072
-4.18105 -6.23398 -11.0986
-4.18028 3.41149 -13.9785
-4.18028 3.41149 -13.2737
-4.14193 -3.75769 -13.2845
-4.09256 3.41183 -10.5784
-4.09256 3.41183 -9.69697
-4.08612 -5.49375 -9.67035
-4.06638 -5.68466 -9.23894
-4.05332 -3.50598 -13.835
-4.04121 -5.10796 -10.5596
-4.03432 3.41206 -13.6261
-4.01158 -5.13198 -10.525
-4.00694 -3.62653 -13.6261
-3.93178 -4.95462 -10.9564
-3.92815 -2.51924 -18.6971
-3.90995 3.41254 -10.1377
-3.89373 -4.97754 -10.9287
-3.87804 -5.36609 -10.0824
-3.82806 3.41286 -10.8423
-3.82806 3.41286 -9.43306
-3.80034 -3.06555 4
-3.78279 -7.57813 4
-3.78215 -8.60586 4
-3.7819 -9.81405 4
-3.77008 -0.573695 -1.29575
-3.71426 -5.65047 -9.52117
-3.70761 -3.06519 4
-3.58057 -5.06213 -13.8599
-3.56833 -1.04227 -19.013
-3.54204 -5.29864 -10.417
-3.53598 3.414 -10.1377
-3.52732 -5.52534 -9.91101
-3.49312 -0.223535 -20.4414
-3.47224 -4.06311 -13.057
-3.461 -3.06423 4
-3.45857 -0.572483 -0.75632
-3.4457 -8.56323 2.69128
-3.43417 -3.06413 2.63308
-3.42477 -8.20498 -0.758883
-3.42157 -4.22133 4
-3.40441 -8.6335 4
-3.36444 -3.06386 3.39033
-3.0843 -8.59506 2.81172
-3.01002 -0.990495 -19.2906
-3.00735 -3.09346 -15.1835
-2.98242 3.41615 -20.6545
-2.95717 -3.78181 -16.6255
-2.93936 -3.0622 2.55665
-2.80081 -1.46469 -20.3381
-2.7375 -2.41935 -19.3074
-2.61308 3.41759 -19.4627
-2.58198 -2.0613 -17.3198
-2.37323 -2.38356 -19.4549
-2.31775 -8.6919 4
-2.31475 -8.53632 1.48237
-2.29064 -0.920611 -19.5693
-2.27824 -3.05963 1.8953
-2.20717 -0.567616 -1.94341
-2.20304 -3.05934 1.40164
-2.19046 -8.57221 1.84847
-2.18057 -8.21337 -1.29508
-2.17401 -8.69718 4
-2.16685 -8.53479 1.39284
-2.15783 -9.93386 4
-2.14957 -9.85426 2.25159
-2.13262 -8.4093 0.15142
-2.1232 -9.57697 -0.575213
-2.10858 -8.10939 -1.96156
-2.07924 -9.12456 -3.33588
-2.02879 -7.67613 -4.13518
-2.0224 -8.57009 1.74126
-2.00434 -8.47133 -6.05015
-1.95234 -8.11089 -1.99952
-1.93943 -7.09659 -6.3136
-1.8817 -7.59374 -8.7548
-1.85796 -8.69602 4
-1.85796 -8.69602 4
-1.81933 -6.36219 -8.49455
-1.71119 -6.49771 -11.4706
-1.67257 -5.47528 -10.6993
-1.51393 -5.22643 -14.1977
-1.51182 -4.45926 -12.9272
-1.44533 -3.05639 1.4709
-1.35108 -3.33951 -15.1755
-1.31236 -3.82546 -16.9351
-1.20522 -2.1421 -17.4422
-1.12905 -0.839547 -19.822
-1.11948 -2.28689 -19.7793
-0.545935 3.42563 -21.1012
-0.545935 3.42563 -19.8554
-0.539605 -8.52576 0.950732
-0.53225 -0.0932579 -21.1012
-0.53043 -0.561095 -2.16416
-0.53043 -0.561095 -1.54123
-0.5294 -0.82598 -19.8554
-0.527451 -1.32673 -20.7746
-0.527332 -1.35731 -20.7568
-0.523776 -2.27187 -19.8187
-0.520739 -3.0528 0.950761
-0.520739 -3.0528 1.32425
-0.51603 -8.56005 1.3243
-0.500973 -8.21686 -1.54123
-0.138765 -9.92661 4
-0.138764 -9.92661 4
0.0446504 -0.83402 -19.8249
0.0602738 -2.28189 -19.7808
0.146013 -2.12462 -17.4658
0.265668 -3.81942 -16.9362
0.299068 -3.32285 -15.1971
0.403848 -3.0492 1.4709
0.466364 -4.44341 -12.9467
0.475205 -5.21911 -14.1991
0.632996 -5.46021 -10.7168
0.679509 -6.48913 -11.4723
0.78491 -6.3479 -8.51006
0.856092 -7.58399 -8.75692
0.909387 -7.08299 -6.32724
0.949314 -8.09962 -1.99971
0.983828 -8.46062 -6.05261
0.984209 -8.55808 1.71823
1.00227 -7.66301 -4.14711
1.06275 -9.11312 -3.33871
1.08228 -8.09731 -1.96768
1.10961 -9.56507 -0.578467
1.11054 -8.39595 0.135914
1.13776 -9.84218 2.2479
1.13947 -8.52179 1.37676
1.14631 -0.554574 -1.94341
1.14655 -9.92195 4
1.15356 -8.68507 4
1.1572 -8.20061 -1.30162
1.16156 -3.04625 1.40164
1.16579 -8.5589 1.83079
1.18397 -0.902685 -19.5851
1.23676 -3.04596 1.8953
1.24872 -8.52201 1.44043
1.30323 -8.67844 4
1.31597 -2.36826 -19.4588
1.51589 3.43365 -19.4647
1.52694 -0.932373 -19.4669
1.52825 -2.05959 -17.294
1.70914 -2.40374 -19.2996
1.74717 -1.44717 -20.338
1.88164 3.43507 -20.6578
1.89788 -3.04339 2.55665
1.91008 -3.76554 -16.6247
1.98157 -3.13482 -15.0595
2.08611 -8.57495 2.81217
2.32296 -3.04174 3.39033
2.39269 -3.04147 2.63308
2.39771 -0.549707 -0.75632
2.40628 -8.61089 4
2.41952 -3.04136 4
2.42237 -8.18225 -0.759404
2.42328 -1.01169 -19.0601
2.42678 -8.53949 2.65512
2.43384 -6.72268 4
2.45147 -0.201991 -20.4315
2.45498 -3.04122 4
2.47486 -4.14047 -12.8358
2.54036 -5.04207 -13.8595
2.70922 -0.548495 -1.29575
2.75886 -3.04004 4
2.7642 -4.08158 4
2.7642 -4.08158 4
2.76464 -9.79085 4
2.76464 -9.79085 4
2.7817 -8.58038 4
2.87692 -2.49241 -18.7003
2.9638 -5.06419 -10.6268
3.14684 -2.04632 -16.5471
3.147 -6.21003 -11.0987
3.30043 -8.5277 4
3.40747 -5.89519 -8.43591
3.52279 -8.05535 -0.762854
3.57924 -1.07726 -18.3306
3.65986 -7.24635 -8.34694
3.76921 -6.62365 -6.26562
3.78215 -1.57854 -19.2843
3.80344 -3.61783 -15.8867
3.82092 -0.293448 -19.6758
3.82586 3.44263 -18.1323
4.00153 -2.95278 -14.1555
4.01734 -8.12763 -5.60571
4.03785 -7.24022 -4.10559
4.05051 -0.543279 -0.266656
4.10844 -1.08141 -17.9221
4.18057 -2.5114 -17.8565
4.22922 -7.73351 -1.934
4.23335 -8.82749 -2.84957
4.36078 -9.31871 -0.0396581
4.43568 -9.60201 2.83673
4.43803 -8.19155 1.1685
4.44997 -9.64682 4
4.45697 -8.36252 3.16584
4.47012 -8.39716 4
4.47766 -8.05965 0.169288
4.53066 3.44537 -19.1619
4.54017 -0.541374 1.38615
4.55166 -8.19596 1.3544
4.83318 -2.48226 -17.3722
4.848 -4.61882 -13.144
4.89601 -3.80212 -11.766
5.04523 3.44737 -17.068
5.06155 -0.347081 -18.7475
5.07959 -0.539276 1.07464
5.10941 -8.31684 4
5.15325 -1.73217 -15.4946
5.24082 -0.538649 4
5.26776 -7.46684 4
5.26992 -8.28862 4
5.31611 -8.09224 1.46286
5.40046 -0.538028 4
5.57453 -1.47989 -17.9348
5.72725 -0.536757 2.63756
5.73912 -4.61507 -9.38604
5.82384 -5.5791 -10.3963
5.87834 -1.36883 4
5.87834 -1.36883 4
5.89586 3.45068 -17.9786
5.90487 -8.19111 4
5.90661 -0.53606 4
6.16738 -3.1552 -14.6909
6.18947 -0.356263 -17.7025
6.26134 -8.12736 4
6.2935 3.45223 -15.7294
6.31069 -0.96731 -15.7294
6.35359 -2.26244 -13.1992
6.44953 -5.41413 -7.02049
6.48981 -2.3371 -15.9235
6.61547 -6.52381 -7.65478
6.97477 -6.19612 -4.68026
7.02039 -1.56315 -16.3328
7.05534 -9.23479 4
7.065 -1.45747 -16.3657
7.13582 -1.26 -16.4167
7.14103 -7.45198 -4.92229
7.26768 3.45602 -16.507
7.27055 -0.584806 -16.5046
7.28247 -0.347258 -16.507
7.33975 -6.88843 -2.35731
7.45452 -8.25705 -2.1668
7.55004 -2.80824 -10.8975
7.57062 -3.78982 -12.0239
7.58389 -7.40967 -0.0259802
7.64121 -8.81427 0.649668
7.73659 -7.73196 2.36455
7.74793 -9.10619 3.52876
7.75553 -9.1196 4
7.7896 -7.83407 4
7.90369 -0.986551 -13.6062
8.40918 3.46046 -12.8989
8.63488 -3.43695 -8.59716
8.82011 -4.52759 -9.34519
9.02348 -7.51944 4
9.02348 -7.51944 4
9.16535 -1.43584 -13.6637
9.1803 -2.28657 -12.6963
9.2715 -0.456372 -13.8497
9.51316 -4.21275 -6.30521
9.52743 -1.07925 -11.3634
9.67937 3.4654 -13.2723
9.76841 -5.45547 -6.67435
9.81126 -0.491798 -13.1117
9.84161 -8.63244 4
10.1451 -5.09648 -4.05016
10.259 3.46765 -10.2514
10.3712 -6.51968 -4.00751
10.5795 -5.92305 -1.83254
10.7314 -7.46565 -1.30721
10.8706 -6.53663 0.369533
10.8831 -1.35218 -9.28995
10.9505 -8.07316 1.45765
11.0455 -2.52531 -10.0396
11.056 -6.90401 2.6258
11.0595 -8.3266 4
11.1142 -7.00096 4
11.1642 -1.57012 -10.8775
11.4761 -8.19831 4
11.7358 3.47339 -10.2514
11.7716 -0.787155 -10.2207
11.9375 -1.86526 -7.35908
11.9948 3.35707 -7.19504
12.4253 -3.31246 -7.33851
12.764 -2.75184 -5.30214
12.7716 -6.46187 4
12.8273 -2.27908 -7.93266
13.1369 2.97174 -3.91297
13.2221 -5.02391 -4.0382
13.231 -1.4147 -7.52742
13.353 -3.91587 -3.07132
13.3612 3.36195 -7.1894
13.4174 -6.03311 -2.06283
13.4234 -1.55829 -7.08819
13.5465 -6.85683 0.137016
13.6412 -7.36448 2.51944
13.6838 -7.48352 4
13.7083 2.3972 -0.726265
13.7254 -4.98012 -0.81642
13.8104 -3.76306 -4.95274
13.9709 -5.68501 1.50658
14.0201 1.67646 2.58443
14.07 1.31736 4
14.0877 -5.96896 3.23152
14.1004 -2.60398 4
14.1004 -2.60398 4
14.119 -6.02253 4
14.1896 -7.18754 4
14.2531 -5.46338 -1.88346
14.2937 -3.0093 -4.41809
14.4175 2.97672 -3.91297
14.4763 -6.64683 1.54637
14.5622 -3.11649 -3.36031
14.5623 -6.92757 4
14.7591 -6.64246 4
14.7975 -4.71395 -1.41482
14.9005 -3.97223 -1.39111
15.0637 2.22568 0.136098
15.066 -5.84047 1.83812
15.1372 -4.62704 0.597085
15.1531 -6.07962 4
15.2199 1.33837 4
15.2841 -5.44554 4
15.3049 -5.0347 2.75727
15.3385 1.33702 4
15.3403 1.04712 4
15.3445 0.608132 4
15.3445 0.608132 4
15.358 -5.12334 4
