v  14.000000 24.000000 -0.000000
v  14.031250 24.984375 -0.000000
v  15.000000 24.000000 -0.000000
v  9.940000 24.000000 9.940001
v  9.962188 24.984375 9.962188
v  10.650001 24.000000 10.650001
v  0.000000 24.000000 14.000000
v  0.000000 24.984375 14.031250
v  0.000000 24.000000 15.000000
v  -10.277499 24.000000 9.940000
v  -10.004375 24.984375 9.962188
v  -10.650001 24.000000 10.650001
v  -14.000000 24.000000 -0.000000
v  -14.031250 24.984375 -0.000000
v  -15.000000 24.000000 -0.000000
v  -9.940000 24.000000 -9.940001
v  -9.962188 24.984375 -9.962188
v  -10.650001 24.000000 -10.650001
v  0.000000 24.000000 -14.000000
v  0.000000 24.984375 -14.031250
v  0.000000 24.000000 -15.000000
v  9.940001 24.000000 -9.940000
v  9.962188 24.984375 -9.962188
v  10.650001 24.000000 -10.650001
v  18.437500 16.218750 -0.000000
v  20.000000 9.000000 -0.000000
v  13.090626 16.218750 13.090626
v  14.200001 9.000000 14.200001
v  0.000000 16.218750 18.437500
v  0.000000 9.000000 20.000000
v  -13.090626 16.218750 13.090626
v  -14.200001 9.000000 14.200001
v  -18.437500 16.218750 -0.000000
v  -20.000000 9.000000 -0.000000
v  -13.090626 16.218750 -13.090626
v  -14.200001 9.000000 -14.200001
v  0.000000 16.218750 -18.437500
v  0.000000 9.000000 -20.000000
v  13.090626 16.218750 -13.090626
v  14.200001 9.000000 -14.200001
v  17.500000 3.843750 -0.000000
v  15.000000 1.500000 -0.000000
v  12.425001 3.843750 12.425001
v  10.650001 1.500000 10.650001
v  0.000000 3.843750 17.500000
v  0.000000 1.500000 15.000000
v  -12.425001 3.843750 12.425001
v  -10.650001 1.500000 10.650001
v  -17.500000 3.843750 -0.000000
v  -15.000000 1.500000 -0.000000
v  -12.425001 3.843750 -12.425001
v  -10.650001 1.500000 -10.650001
v  0.000000 3.843750 -17.500000
v  0.000000 1.500000 -15.000000
v  12.425001 3.843750 -12.425001
v  10.650001 1.500000 -10.650001
v  12.843750 0.468750 -0.000000
v  0.000000 0.000000 -0.000000
v  9.119062 0.468750 9.119062
v  0.000000 0.468750 12.843750
v  -9.119062 0.468750 9.119062
v  -12.843750 0.468750 -0.000000
v  -9.119062 0.468750 -9.119062
v  0.000000 0.468750 -12.843750
v  9.119062 0.468750 -9.119062
v  -16.000000 20.250000 -0.000000
v  -24.125002 19.968752 -0.000000
v  -27.000000 18.000000 -0.000000
v  -15.500000 21.375000 2.250000
v  -25.187500 20.953125 2.250000
v  -28.500000 18.000000 2.250000
v  -15.000000 22.500000 -0.000000
v  -26.250000 21.937500 -0.000000
v  -30.000000 18.000000 -0.000000
v  -15.500001 21.375000 -2.250000
v  -25.187500 20.953125 -2.250000
v  -28.500002 18.000000 -2.250000
v  -25.375000 13.500000 -0.000000
v  -20.000000 9.000000 -0.000000
v  -26.343750 12.539063 2.250000
v  -19.500000 7.500000 2.250000
v  -27.312500 11.578126 -0.000000
v  -19.000000 6.000000 -0.000000
v  -26.343750 12.539063 -2.250000
v  -19.500000 7.500000 -2.250000
v  17.000000 14.250000 -0.000000
v  23.875000 18.000000 -0.000000
v  27.000000 24.000000 -0.000000
v  17.000000 10.125000 4.950000
v  25.375000 16.218750 3.412500
v  30.000000 24.000000 1.875000
v  17.000000 6.000000 -0.000000
v  26.874998 14.437499 -0.000000
v  33.000000 24.000000 -0.000000
v  17.000000 10.124999 -4.950000
v  25.375000 16.218750 -3.412500
v  30.000000 24.000000 -1.875000
v  28.249998 24.562500 -0.000000
v  28.000000 24.000000 -0.000000
v  31.265625 24.667969 1.500000
v  30.000000 24.000000 1.125000
v  34.281254 24.773438 -0.000000
v  32.000000 24.000000 -0.000000
v  31.265623 24.667969 -1.500000
v  30.000000 24.000000 -1.125000
v  0.000000 31.500000 -0.000000
v  3.250000 29.812500 -0.000000
v  2.000000 27.000000 -0.000000
v  2.310313 29.812500 2.310313
v  1.420000 27.000004 1.420000
v  0.000000 29.812500 3.250000
v  0.000000 27.000000 2.000000
v  -2.310313 29.812500 2.310313
v  -1.420000 27.000004 1.420000
v  -3.250000 29.812500 -0.000000
v  -2.000000 27.000000 -0.000000
v  -2.310313 29.812500 -2.310313
v  -1.420000 27.000004 -1.420000
v  0.000000 29.812500 -3.250000
v  0.000000 27.000000 -2.000000
v  2.310313 29.812500 -2.310313
v  1.420000 27.000004 -1.420000
v  8.250000 25.500000 -0.000000
v  13.000000 24.000000 -0.000000
v  5.857500 25.499996 5.857500
v  9.230000 24.000000 9.230000
v  0.000000 25.500000 8.250000
v  0.000000 24.000000 13.000000
v  -5.857500 25.499996 5.857500
v  -9.230000 24.000000 9.230000
v  -8.250000 25.500000 -0.000000
v  -13.000000 24.000000 -0.000000
v  -5.857500 25.499996 -5.857500
v  -9.230000 24.000000 -9.230000
v  0.000000 25.500000 -8.250000
v  0.000000 24.000000 -13.000000
v  5.857500 25.499996 -5.857500
v  9.230000 24.000000 -9.230000